92
194
216
282
540
781
912
1261
1367
1577
1620
1645
1741
1973
2093
2535
2551
3275
3682
4163
4181
4260
4298
5057
5230
6262
6304
6333
6391
6407
6412
7065
7267
7506
7882
8048
8476
9245
9804
10303
10408
10486
10996
11253
11901
12011
12083
12108
12583
12793
13621
13790
14152
14776
15321
15473
15506
15940
16285
16347
16454
16614
17300
20048
20065
20203
20245
20265
20333
20394
20421
20557
20627
20881
20972
20997
21111
21128
21224
21551
21578
21633
21731
21798
21826
21866
21996
22856
29067
29146
29148
29151
29152
29489
29494
29819
29866
29870
29940
30005
30453
30513
30521
30835
31196
31386
31668
31847
32093
34808
34886
35013
35048
35276
36364
36383